./samples/drumkittt.wav 0 0.1 0.2 0.3 0.4 0.5 0.6 0.7 0.8 0.9
./samples/piano.wav 0 0.0714286 0.1428571 0.2142857 0.2857143 0.3571429 0.4285714 0.5000000 0.5714286 0.6428571 0.7142857 0.7857143 0.8571429 0.9285714
./samples/amen.wav 0 0.03125 0.0625 0.09375 0.125 0.15625 0.1875 0.21875 0.25 0.28125 0.3125 0.34375 0.375 0.40625 0.4375 0.46875 0.5 0.53125 0.5625 0.59375 0.625 0.65625 0.6875 0.71875 0.75 0.78125 0.8125 0.84375 0.875 0.90625 0.9375 0.96875
./samples/hang.wav 0 0.06 0.12 0.18 0.24 0.3 0.36 0.42 0.48 0.56 0.62 0.68 0.75 0.85 0.9 0.95
./samples/chops2.wav 0 0.0714286 0.1428571 0.2142857 0.2857143 0.3571429 0.4285714 0.5000000 0.5714286 0.6428571 0.7142857 0.7857143 0.8571429 0.9285714
./samples/drumkittt.wav 0 0.1 0.2 0.3 0.4 0.5 0.6 0.7 0.8 0.9
./samples/melody.wav 0 0.03125 0.0625 0.09375 0.125 0.15625 0.1875 0.21875 0.25 0.28125 0.3125 0.34375 0.375 0.40625 0.4375 0.46875 0.5 0.53125 0.5625 0.59375 0.625 0.65625 0.6875 0.71875 0.75 0.78125 0.8125 0.84375 0.875 0.90625 0.9375 0.96875
./samples/glitch.wav 0 0.03225 0.0625 0.09375 0.125 0.15625 0.1875 0.25875 0.27 0.32125 0.4225 0.34375 0.375 0.40625 0.4375 0.46875 0.5 0.53125 0.5625 0.59375 0.625 0.65625 0.6875 0.71875 0.75 0.78125 0.8125 0.84375 0.875 0.90625 0.9375 0.96875
./samples/piano.wav 0 0.0625 0.125 0.1875 0.25 0.3125 0.375 0.4375 0.5 0.5625 0.625 0.6875 0.75 0.8125 0.875 0.9375
./samples/amen.wav 0 0.03125 0.0625 0.09375 0.125 0.15625 0.1875 0.21875 0.25 0.28125 0.3125 0.34375 0.375 0.40625 0.4375 0.46875 0.5 0.53125 0.5625 0.59375 0.625 0.65625 0.6875 0.71875 0.75 0.78125 0.8125 0.84375 0.875 0.90625 0.9375 0.96875
./samples/chops2.wav 0 0.0714286 0.1428571 0.2142857 0.2857143 0.3571429 0.4285714 0.5000000 0.5714286 0.6428571 0.7142857 0.7857143 0.8571429 0.9285714
./samples/drumkittt.wav 0 0.1 0.2 0.3 0.4 0.5 0.6 0.7 0.8 0.9

./samples/amen.wav 0 0.015625 0.03125 0.046875 0.0625 0.078125 0.09375 0.109375 0.125 0.140625 0.15625 0.171875 0.1875 0.203125 0.21875 0.234375 0.25 0.265625 0.28125 0.296875 0.3125 0.328125 0.34375

./samples/glitch.wav 0 0.03125 0.0625 0.09375 0.125 0.15625 0.1875 0.21875 0.25 0.28125 0.3125 0.34375 0.375 0.40625 0.4375 0.46875 0.5 0.53125 0.5625 0.59375 0.625 0.65625 0.6875 0.71875 0.75 0.78125 0.8125 0.84375 0.875 0.90625 0.9375 0.96875
./samples/amen.wav 0 0.0625 0.125 0.1875 0.25 0.3125 0.375 0.4375 0.5 0.5625 0.625 0.6875 0.75 0.8125 0.875 0.9375
./samples/glitch.wav 0 1 0.03225 0.0625 0.09375 0.125 0.15625 0.1875 0.25875 0.27 0.32125 0.4225 0.34375 0.375 0.40625 0.4375 0.46875 0.5 0.53125 0.5625 0.59375 0.625 0.65625 0.6875 0.71875 0.75 0.78125 0.8125 0.84375 0.875 0.90625 0.9375 0.96875
./samples/rainpots.wav 0 0.06 0.12 0.18 0.24 0.3 0.36 0.42 0.48 0.56 0.62 0.68 0.75 0.85 0.9 0.95
./samples/melody.wav 0 0.03 0.06 0.09 0.12 0.15 0.18 0.21 0.24 0.56 0.62 0.68 0.75 0.85 0.9 0.95
./samples/piano.wav 0 0.0625 0.125 0.1875 0.25 0.3125 0.36 0.42 0.48 0.56 0.62 0.68 0.75 0.85 0.9 0.95
./samples/melody.wav 0 0.02 0.04 0.06 0.08 0.1 0.12 0.14 0.16 0.56 0.62 0.68 0.75 0.85 0.9 0.95
./samples/bassline.wav 0 0.06 0.12 0.18 0.24 0.3 0.36 0.42 0.48 0.56 0.62 0.68 0.75 0.85 0.9 0.95
./samples/hang.wav 0 0.06 0.12 0.18 0.24 0.3 0.36 0.42 0.48 0.56 0.62 0.68 0.75 0.85 0.9 0.95